Coffee: 9.900000095367432
Hamburger: 7.999999821186066
Wine: 4.4999998807907104
Cheesecake: 3.0000001192092896
